[[0, 1, 1.0, 17599.803834254875, 231.4914618483447], [0, 3, 0.013343315957846213, 15146.810610168102, 161.77450196893474], [1, 4, 0.15, 14214.034326179626, 138.9730502969048], [2, 5, 0.15, 13226.526423935897, 118.5555732936407], [3, 6, 0.15, 12205.673297400217, 101.17073957024594], [4, 7, 0.15, 11101.710141149773, 85.81220801300279]]
[[0, 1, 1.0, 15671.491093894343, 206.45469426337888], [0, 3, 0.01403720004220016, 13707.716307319693, 138.3980166034505], [1, 4, 0.15, 13035.551226886704, 121.86267761283469], [2, 5, 0.15, 12113.588721839866, 104.25464029836641], [3, 6, 0.15, 11064.185842152123, 88.49289696884316], [4, 7, 0.15, 9878.731846204168, 74.58155809354326]]
[[0, 1, 1.0, 13875.27131937679, 122.66232596781788], [0, 3, 0.02508845568707041, 12408.132694605276, 91.66107520582824], [1, 4, 0.15, 11572.388505935638, 80.40408937619065], [2, 5, 0.15, 10342.651319427947, 69.38413581547273], [3, 6, 0.15, 8839.39145803005, 58.3851261664992], [4, 7, 0.15, 7287.416029350114, 48.6707719809735]]
[[0, 1, 1.0, 8369.172739340796, 156.51350581099712], [0, 3, 0.010439068013593622, 7514.201759758148, 123.00700223464503], [1, 4, 0.15, 6958.747752490753, 106.9691033142001], [2, 5, 0.15, 6324.902202005727, 91.45753540317229], [3, 6, 0.15, 5678.49589034175, 76.7352761285749], [4, 7, 0.15, 5040.718017116271, 64.43317529113956]]
[[0, 1, 1.0, 32093.70080878366, 247.3243518151591], [0, 3, 0.010286365468545666, 29445.09784030231, 198.33901923464933], [1, 4, 0.15, 27238.83319045922, 172.45208424101872], [2, 5, 0.15, 24132.93648035793, 147.09583971827203], [3, 6, 0.15, 20380.204111501553, 123.06001131447769], [4, 7, 0.15, 16552.459484315394, 103.96773647663166]]
[[0, 1, 1.0, 19124.276663136676, 166.54706134540947], [0, 3, 0.009461244113549094, 18010.06086085353, 138.9993274724216], [1, 4, 0.15, 16824.85491638873, 121.29242427929708], [2, 5, 0.15, 15181.494868854325, 104.18835965208696], [3, 6, 0.15, 13214.586184676864, 89.30343840684678], [4, 7, 0.15, 11070.140097291396, 75.59485040650816]]
[[0, 1, 1.0, 11808.373373332035, 104.1172081254691], [0, 3, 0.010326760792848555, 11288.159533462533, 91.42807247887065], [1, 4, 0.15, 10475.945543060576, 78.99891631328377], [2, 5, 0.15, 9402.931748144556, 67.96423123816659], [3, 6, 0.15, 8204.49755147166, 58.311627817052596], [4, 7, 0.15, 7098.195328090654, 49.64080203415567]]
[[0, 1, 1.0, 8830.928889135435, 90.36654202720335], [0, 3, 0.00998856641100443, 8466.357777101315, 80.23036091973506], [1, 4, 0.15, 7838.87732576591, 69.22562332108599], [2, 5, 0.15, 7026.541806659924, 60.16995976430205], [3, 6, 0.15, 6169.493425561805, 49.71199503587528], [4, 7, 0.15, 5424.9263985664165, 42.603457926817114]]
[[0, 1, 1.0, 5857.870460230082, 61.8965019758552], [0, 3, 0.01019308220860271, 5679.883009555827, 55.18061159630524], [1, 4, 0.15, 5367.697042995074, 48.15593578221304], [2, 5, 0.15, 4941.048808738684, 42.19532393392488], [3, 6, 0.15, 4449.396890935944, 38.06205432693707], [4, 7, 0.15, 3997.510358028829, 32.670926220583645]]
[[0, 1, 1.0, 7908.214219624793, 83.0096352207597], [0, 3, 0.004707754439767786, 7751.746070329308, 74.72647560123129], [1, 4, 0.15, 7440.132582506132, 64.84132188335936], [2, 5, 0.15, 7002.581244057293, 56.23859730867133], [3, 6, 0.15, 6495.6000436587865, 50.675148396473276], [4, 7, 0.15, 5961.3114565188835, 48.52552820267171], [5, 8, 0.15, 5391.101459275179, 49.933151399712614], [6, 9, 0.15, 4888.72737351112, 47.190898078380336], [7, 10, 0.15, 4386.111203863057, 45.81682834025356], [8, 11, 0.15, 3813.9725186974533, 47.93640044608315], [9, 12, 0.15, 3485.670654149223, 41.40527461653272], [10, 13, 0.15, 2996.39925052304, 38.43354957340509], [11, 14, 0.15, 2634.086879589999, 39.51848558293844], [12, 16, 0.825, 1910.8122878096528, 24.941787217387688], [13, 17, 0.15, 1819.3477880384805, 22.114952775127627], [14, 18, 0.15, 1715.770410270127, 21.984718355428626], [15, 19, 0.15, 1639.2984691305878, 38.01759306592627], [16, 21, 0.825, 1428.906914010887, 29.51963675926937], [17, 22, 0.15, 1321.2598202286317, 21.624965810748062], [18, 23, 0.15, 1201.4128750412503, 15.788994554480967], [19, 24, 0.15, 1133.325335881272, 15.384439849817184], [20, 25, 0.15, 1088.3824773097076, 21.61341413780472], [21, 27, 0.825, 945.617447250812, 12.655735509646867], [22, 28, 0.15, 904.6267192401485, 12.001092232191656], [23, 29, 0.15, 880.2351204285117, 19.85074763910327], [24, 31, 0.825, 796.5279512761722, 13.126125536358668], [25, 32, 0.15, 769.2548073265768, 12.202285635313325], [26, 33, 0.15, 742.9309661112445, 14.875740031998102], [27, 35, 0.825, 655.7899282243011, 10.688310262732408], [28, 36, 0.15, 639.0563550579201, 9.320971009242163], [29, 37, 0.15, 621.6246006363418, 9.385981697891136], [30, 38, 0.15, 605.6348918520074, 10.472227977735585], [31, 39, 0.15, 582.513574175848, 8.761679134941376], [32, 40, 0.15, 553.4730927058439, 9.723116790104383], [33, 41, 0.15, 532.7581877336028, 9.50022585360579], [34, 42, 0.15, 518.4073553675767, 8.670895183454771], [35, 43, 0.15, 505.4312598470599, 12.629584325073493], [36, 45, 0.825, 464.107347634386, 10.700020050446769], [37, 47, 0.825, 435.4608913378332, 7.031475132412433], [38, 48, 0.15, 428.4562277151603, 6.560666742945891], [39, 49, 0.15, 421.8325547808111, 6.993140573898421]]
[[0, 1, 1.0, 653927.0118914089, 24243.46808825976], [0, 3, 0.00012467791413169472, 438650.9977734236, 17003.216725414095], [1, 4, 0.15, 365751.96610161354, 14461.044836469964], [2, 5, 0.15, 305039.2243700514, 12337.119184757445], [3, 6, 0.15, 252823.89322441732, 10360.316288914013], [4, 7, 0.15, 211759.37623865443, 8773.067104502235]]
[[0, 1, 1.0, 514227.88516586804, 20261.646474911813], [0, 3, 0.00013060447529390199, 354872.9998034641, 14508.94217667901], [1, 4, 0.15, 295433.30895534565, 12273.157536078023], [2, 5, 0.15, 245927.8762345547, 10329.215496907696], [3, 6, 0.15, 204931.12199594622, 8588.959731663655], [4, 7, 0.15, 172785.37048783922, 7227.380194647025]]
[[0, 1, 1.0, 345588.35030789295, 16199.581204703927], [0, 3, 8.111155078499382e-05, 276922.70516170067, 12839.974850997181], [1, 4, 0.15, 235500.15783369725, 10882.36199064651], [2, 5, 0.15, 200557.36975709943, 9250.767810335132], [3, 6, 0.15, 170066.0270223475, 7724.0845283441695], [4, 7, 0.15, 145751.56474744098, 6510.71476965383]]
[[0, 1, 1.0, 308143.82236152416, 14481.725115985471], [0, 3, 8.779731357048005e-05, 248383.328195411, 11493.656506520092], [1, 4, 0.15, 212631.67898876316, 9720.151244057803], [2, 5, 0.15, 183035.48015755057, 8253.178412925658], [3, 6, 0.15, 157362.44149351597, 6923.299516106586], [4, 7, 0.15, 136412.70391227034, 5835.307570510589]]
[[0, 1, 1.0, 894110.1056415426, 27436.3989961849], [0, 3, 5.391647018708999e-05, 760416.7634163267, 22174.91011047985], [1, 4, 0.15, 670818.0489180222, 18802.313491888133], [2, 5, 0.15, 591473.1663798989, 15932.261845251795], [3, 6, 0.15, 520637.64354922087, 13377.709957500943], [4, 7, 0.15, 459939.50991725246, 11200.312769667578]]
[[0, 1, 1.0, 509739.12619380676, 14502.164575243738], [0, 3, 4.4908482842396895e-05, 475148.8985567247, 12499.668884124967], [1, 4, 0.15, 436873.235764345, 10563.19542091701], [2, 5, 0.15, 400290.08097405813, 8914.020688963934], [3, 6, 0.15, 364848.6706339052, 7420.793367719436], [4, 7, 0.15, 332359.05971259973, 6162.482464881683]]
[[0, 1, 1.0, 371626.5896088843, 9287.570879108047], [0, 3, 5.303499685954064e-05, 353847.88584443677, 7938.309567036842], [1, 4, 0.15, 334529.0761916515, 6745.911857824012], [2, 5, 0.15, 313873.0546187385, 5708.394463495151], [3, 6, 0.15, 291968.12903844495, 4762.6389006857025], [4, 7, 0.15, 270495.0436740845, 3988.123135608388]]
[[0, 1, 1.0, 296847.4834305594, 5616.473615517519], [0, 3, 7.149792869006084e-05, 287656.49700085464, 4934.057543478277], [1, 4, 0.15, 274599.176291372, 4237.488254107765], [2, 5, 0.15, 258913.8199014963, 3625.44236963099], [3, 6, 0.15, 241017.26573590699, 3064.4979374168825], [4, 7, 0.15, 222197.7780851209, 2575.320131922481]]
[[0, 1, 1.0, 244530.801476884, 3752.200880981096], [0, 3, 0.00010080588588276887, 238687.10640837907, 3330.3719080541387], [1, 4, 0.15, 229480.0668289512, 2899.1049842846014], [2, 5, 0.15, 217582.69214992493, 2524.869593199584], [3, 6, 0.15, 203200.01506582898, 2296.1088988191423], [4, 7, 0.15, 191494.47300419697, 1929.353867442016]]
[[0, 1, 1.0, 369260.9813282851, 4018.8141312785383], [0, 3, 9.880700214962013e-05, 362366.34239342867, 3595.9427098473247], [1, 4, 0.15, 350550.8735217681, 3174.5966666350228], [2, 5, 0.15, 334414.7837029098, 2799.4703428631296], [3, 6, 0.15, 314825.00069055357, 2714.0428245369085], [4, 7, 0.15, 297304.39577476116, 2260.5346535212598], [5, 8, 0.15, 281568.6173803558, 2245.0009848626855], [6, 9, 0.15, 266953.83721710276, 2050.0134139218726], [7, 10, 0.15, 255148.64255110646, 1732.6647108593463], [8, 11, 0.15, 243814.6480021268, 1647.788810980054], [9, 12, 0.15, 235474.92563877878, 1515.6026636623599], [10, 13, 0.15, 227483.1647712281, 1436.794680397614], [11, 14, 0.15, 220977.92032537164, 1279.8221010895643], [12, 15, 0.15, 214874.23463111633, 1403.179553618473], [13, 16, 0.15, 210047.0401410605, 1236.786322505002], [14, 17, 0.15, 205252.33827933585, 1160.4094323189786], [15, 18, 0.15, 201710.5799821256, 1666.2394076205346], [16, 20, 0.825, 193440.28358841166, 1867.101446068234], [17, 22, 0.825, 187707.84708204895, 1549.6833432776773], [18, 24, 0.825, 184124.77616921283, 1406.705044568961], [19, 25, 0.15, 182970.1574544519, 1299.0533468343608], [20, 26, 0.15, 180983.1111278653, 1188.4261270510683], [21, 27, 0.15, 178531.91694162763, 1079.709822444207], [22, 28, 0.15, 176382.8393567336, 1011.1184044065487], [23, 29, 0.15, 174354.94130520677, 1074.2401612676495], [24, 30, 0.15, 172779.0463105414, 1005.4536616529334], [25, 31, 0.15, 170809.34577978431, 981.5104275177683], [26, 32, 0.15, 168397.55962198653, 895.1150342416026], [27, 33, 0.15, 166533.09143094267, 814.3031272227772], [28, 34, 0.15, 165082.12244714034, 1096.9993098563211], [29, 36, 0.825, 162093.01316881453, 1357.2580290623516], [30, 38, 0.825, 158909.3346141582, 817.9947767303752], [31, 39, 0.15, 158275.61636955017, 838.3677430646445], [32, 41, 0.825, 156472.18659376813, 1055.6579985916226], [33, 42, 0.15, 155935.03901486838, 1013.9841798073894], [34, 43, 0.15, 154715.72420780512, 892.7668281394124], [35, 44, 0.15, 153732.93885809596, 919.1992788631572], [36, 45, 0.15, 152529.99183298688, 855.6654151356862], [37, 46, 0.15, 151316.17403793297, 697.4384768562365], [38, 47, 0.15, 150368.87675316722, 680.6717725890317], [39, 48, 0.15, 149580.27575650503, 750.0649517668587]]
