[[0, 1, 1.0, 28342.421660732114, 684.3185020853972], [0, 2, 0.06052299210987057, 14413.958983905186, 465.31479469761433], [1, 3, 0.15, 10479.090794295718, 361.2112938331309], [2, 4, 0.15, 8616.365529494444, 309.5850682218421], [3, 5, 0.15, 6921.684620240764, 258.2431524978214], [4, 6, 0.15, 5621.6991540344015, 215.85305126346788]]
[[0, 1, 1.0, 5348.870877721746, 178.37325326708853], [0, 3, 0.004020049128449388, 4818.411871580548, 155.3023790867719], [1, 4, 0.15, 4175.609859801981, 133.23074402989155], [2, 5, 0.15, 3508.9040421407, 111.51960673953742], [3, 6, 0.15, 2889.879057564892, 92.48024065379842], [4, 7, 0.15, 2370.2537443145493, 75.25026907846997]]
[[0, 1, 1.0, 3522.9068812897117, 150.8181033715664], [0, 3, 0.003871050619884131, 3170.4750469795895, 129.1854995642029], [1, 4, 0.15, 2823.597589318835, 110.1330423002203], [2, 5, 0.15, 2489.061627976363, 93.35077479682823], [3, 6, 0.15, 2155.9747632744225, 77.58460030632827], [4, 7, 0.15, 1855.6400879067712, 64.25324994341638]]
[[0, 1, 1.0, 2039.9299567823123, 82.84669693440486], [0, 3, 0.0038061859905607065, 1937.9408672644704, 74.56560679815712], [1, 4, 0.15, 1765.426829797047, 64.23678610861924], [2, 5, 0.15, 1564.8581493416302, 54.35340402733318], [3, 6, 0.15, 1350.5867574102226, 45.07743970524337], [4, 7, 0.15, 1152.867704097119, 38.668178820824615]]
[[0, 1, 1.0, 3014.4890408202373, 88.6735780853788], [0, 3, 0.007246898943041147, 2813.631167571887, 79.60729353049467], [1, 4, 0.15, 2465.953539153796, 69.2363306018797], [2, 5, 0.15, 2053.581452818966, 61.054911492128056], [3, 6, 0.15, 1641.6054292444524, 51.83640770846646], [4, 7, 0.15, 1313.987068502033, 46.98389125425429]]
[[0, 1, 1.0, 1393.293366772273, 50.23972638792706], [0, 3, 0.030089221753932693, 1219.3955510202259, 40.87712605568353], [1, 4, 0.15, 1107.9855991891654, 36.18747243504475], [2, 5, 0.15, 915.7604677997219, 34.532747146713604], [3, 6, 0.15, 690.3073397356784, 26.733656442643575], [4, 7, 0.15, 570.8383887694508, 24.48915743417262]]
[[0, 1, 1.0, 611.6656280103066, 29.563772292247098], [0, 3, 0.02063367554897977, 572.6068120781724, 25.422272384828908], [1, 5, 0.825, 440.540683939332, 31.181486926278613], [2, 6, 0.15, 393.90678924478374, 30.40996546716489], [3, 7, 0.15, 328.94022275394343, 36.63306587144191], [4, 8, 0.15, 280.35174188230724, 31.68657836064369]]
[[0, 1, 1.0, 298.71023447001147, 30.636333156725147], [0, 3, 0.0027795162411186625, 291.3524168684616, 27.341046058573387], [1, 4, 0.15, 281.28217799205987, 23.81321325122076], [2, 5, 0.15, 269.05734126920595, 20.281776640110568], [3, 6, 0.15, 255.1756733728133, 17.364990136976616], [4, 7, 0.15, 240.55746550792125, 15.956202275056157]]
[[0, 1, 1.0, 255.8369088414595, 18.803148823001422], [0, 3, 0.06663688212703656, 230.86298186335054, 15.881098500346498], [1, 5, 0.825, 188.71143366576155, 19.795573088957585], [2, 6, 0.15, 170.67949022133652, 19.43258127811347], [3, 7, 0.09794480392329857, 165.89441445508731, 20.94021167539866], [4, 13, 0.054547036883778405, 163.8606434134533, 21.79068081609788]]
[[0, 1, 1.0, 298.4368188553392, 41.014168578586684], [0, 3, 0.006792807397255934, 275.6583884971579, 34.57168366345066], [1, 4, 0.15, 257.4608361988987, 30.152703974859357], [2, 5, 0.15, 239.15688698745424, 27.120910076409817], [3, 6, 0.15, 221.5369003169392, 23.214411433227045], [4, 7, 0.15, 206.94061602663825, 22.284142336065567], [5, 8, 0.15, 192.85101085921124, 20.966997748202193], [6, 9, 0.15, 179.8125929190923, 17.942093360391457], [7, 10, 0.15, 172.69863711286797, 21.504144137372773], [8, 12, 0.3016060233390245, 162.5763747661533, 26.26401763628418], [9, 13, 0.07292843250581715, 161.9388632333308, 27.104758976042064], [10, 16, 0.1493188103158737, 156.28306176354093, 26.671117347985255], [11, 19, 0.037514762372064414, 151.8908873388779, 28.416091769026984], [12, 21, 0.10125004298823881, 144.1314909453406, 29.450210542048193], [13, 23, 0.16203412424016736, 118.6572364184301, 25.504091753705634], [14, 29, 0.18336738716612308, 103.83326207329189, 25.12188962117333], [15, 35, 0.011896798705293666, 103.81857535908007, 25.476805922147307], [16, 41, 0.0, 103.81857535908007, 25.476805922147307]]
[[0, 1, 1.0, 140720.96792945667, 11683.00006455702], [0, 2, 0.0010309795608920763, 126284.35787823489, 15261.445020403371], [1, 3, 0.15, 92767.44155401998, 10760.95711263795], [2, 4, 0.15, 80824.79133596568, 9322.40645511295], [3, 5, 0.15, 66879.97533878653, 7774.610478028447], [4, 6, 0.15, 55414.3121183491, 6569.006731784981]]
[[0, 1, 1.0, 94273.32364498766, 10515.85066712754], [0, 3, 0.00023126151153864138, 52515.31221848713, 6411.357812231211], [1, 4, 0.15, 46690.10156490223, 5288.099642063989], [2, 5, 0.15, 41115.24646154414, 4666.266274246703], [3, 6, 0.15, 34079.736798135826, 3969.777864071297], [4, 7, 0.15, 27825.59719116818, 3281.1640489903216]]
[[0, 1, 1.0, 38286.52617882701, 4944.97454943801], [0, 3, 0.00012912740853965148, 31349.12343514671, 3357.844946009056], [1, 5, 0.825, 23027.586562093038, 2707.932210418949], [2, 6, 0.15, 20751.167698944028, 2351.805305787988], [3, 7, 0.15, 18521.129192076427, 2155.075584812205], [4, 8, 0.15, 15915.639013401651, 1981.13409357805]]
[[0, 1, 1.0, 32569.894001130026, 4622.18595501947], [0, 3, 9.486195391989849e-05, 27469.892980705205, 3509.899172912509], [1, 4, 0.15, 24786.30722108064, 3048.7151932583806], [2, 5, 0.15, 21737.65053548336, 2679.270035686038], [3, 6, 0.15, 18186.554972298887, 2141.13263441551], [4, 7, 0.15, 15826.284515806743, 1860.910405728115]]
[[0, 1, 1.0, 42878.158818150594, 5057.421303179596], [0, 3, 5.4293830617794126e-05, 39915.64004392506, 4363.783020601859], [1, 4, 0.15, 36739.53789188312, 3873.5361826237418], [2, 5, 0.15, 32915.556286252235, 3471.712204929644], [3, 6, 0.15, 28175.896101639926, 3102.1695855523844], [4, 7, 0.15, 23762.04021605246, 2614.772071745795]]
[[0, 1, 1.0, 26330.05305884571, 3522.9804860682875], [0, 3, 0.00014182478358892945, 23904.251062462514, 2866.8154431535745], [1, 5, 0.825, 19389.200216957033, 2722.776112541223], [2, 6, 0.15, 17528.799119606592, 2458.0968263032605], [3, 7, 0.15, 15533.20634114334, 2228.937786543674], [4, 8, 0.15, 13031.977316250823, 1875.8255793266035]]
[[0, 1, 1.0, 16261.935645718415, 2423.397607251769], [0, 3, 2.061560290143481e-05, 15976.954958151473, 2166.39559207225], [1, 4, 0.15, 15514.394702646548, 1896.5522244988078], [2, 5, 0.15, 14889.06235896575, 1663.7645556698305], [3, 6, 0.15, 14139.094582489854, 1529.801922879972], [4, 7, 0.15, 13112.233443733081, 1498.449206150196]]
[[0, 1, 1.0, 13004.397194324947, 1599.7103102187123], [0, 3, 0.0003736635216647251, 11779.078389937886, 1814.4328795841545], [1, 5, 0.825, 9716.560493021698, 1556.310138064674], [2, 6, 0.15, 8263.847606657077, 1550.4624456391548], [3, 7, 0.15, 6094.6826798190905, 1381.1023048822644], [4, 8, 0.15, 4905.773010125224, 1432.4879574431243]]
[[0, 1, 1.0, 5483.47743030339, 1482.0589634718176], [0, 3, 3.088795681591063e-05, 5336.653835655795, 1212.678061241495], [1, 4, 0.15, 5227.401659110563, 1071.7471432956256], [2, 5, 0.15, 5078.648036561159, 940.666678639733], [3, 6, 0.15, 4890.199959790025, 848.1930055796931], [4, 7, 0.15, 4654.903653734379, 814.1768311368755]]
[[0, 1, 1.0, 7517.579006893769, 1248.5782139226856], [0, 3, 0.0001949278121943709, 7117.846441470211, 1219.851056778167], [1, 5, 0.825, 6049.535771037154, 1574.4209788293429], [2, 6, 0.15, 5543.761728330326, 1667.7091590291473], [3, 7, 0.15, 4997.533342856666, 1775.326186067371], [4, 8, 0.15, 4579.2399023777425, 1581.624708981649], [5, 9, 0.15, 4308.866694451428, 1671.0314697727194], [6, 10, 0.0687884734406288, 4099.252946015135, 1590.64255824129], [7, 11, 0.055942093301119086, 3845.8739578068144, 1548.7621883124773], [8, 12, 0.10886989176662419, 3447.606063233427, 1246.3019791464633], [9, 13, 0.15, 2981.432907858859, 1048.3017631712598], [10, 14, 0.12070908086935891, 2782.0676895541033, 1193.4678416832503], [11, 15, 0.060940713238621345, 2656.761384241259, 1009.9348866145074], [12, 19, 0.13279091400236873, 2563.2664851513446, 1086.171152430484], [13, 25, 0.0321997975840904, 2549.155670325317, 1016.7330505209419], [14, 31, 0.0, 2549.155670325317, 1016.7330505209419]]
