[[0, 1, 1.0, 28221.04023245461, 705.800474832457], [0, 2, 0.05665120154625972, 21855.993069623786, 703.1942407376898], [1, 3, 0.15, 18289.29491189856, 589.5459614062357], [2, 4, 0.15, 14727.934081780557, 482.6270425881869], [3, 5, 0.15, 12102.880522510286, 405.114496878005], [4, 6, 0.15, 10044.218034252086, 344.2546663898398]]
[[0, 1, 1.0, 10403.120450708711, 365.15237379927214], [0, 3, 0.010325230675926611, 6494.039961202915, 199.03201539784067], [1, 5, 0.825, 3974.8067466285333, 105.44061205010837], [2, 6, 0.15, 3621.3773090931495, 95.06380428551591], [3, 7, 0.15, 3115.1569245673877, 82.2226105023225], [4, 8, 0.15, 2622.5903023564324, 71.19814637684226]]
[[0, 1, 1.0, 3217.296081839434, 132.38964500592957], [0, 3, 0.018055737025473112, 2481.534574438849, 81.4303514607755], [1, 4, 0.15, 2310.9053327133956, 73.84784497460612], [2, 5, 0.15, 2025.6475933514948, 65.19211993773975], [3, 6, 0.15, 1702.1509323045857, 55.880406149327385], [4, 7, 0.15, 1388.8323072272794, 45.85601591771412]]
[[0, 1, 1.0, 2038.6300230192844, 75.88783523770634], [0, 3, 0.01420500746330372, 1787.437034368992, 59.351750340633096], [1, 4, 0.15, 1625.1672853245643, 52.31816650943749], [2, 5, 0.15, 1404.8101989458607, 44.356853818240026], [3, 6, 0.15, 1198.3559899229442, 38.89470996653332], [4, 7, 0.15, 976.2724215608599, 31.8920324065117]]
[[0, 1, 1.0, 2551.754034647867, 99.86281379388085], [0, 3, 0.007124602261837254, 2354.980814973049, 79.32280812438783], [1, 5, 0.825, 1784.9634740331685, 70.16148408049776], [2, 6, 0.15, 1630.011011608675, 66.40853557243607], [3, 7, 0.15, 1431.6799009009235, 68.57949729894818], [4, 8, 0.15, 1177.4494949384389, 58.745213774845915]]
[[0, 1, 1.0, 1337.7559598877785, 66.4895693108315], [0, 3, 0.026426172910169743, 1192.1001537416241, 48.00557827560229], [1, 5, 0.825, 1015.2709691744486, 42.85237861774325], [2, 7, 0.825, 710.7304926650861, 58.61354861178356], [3, 8, 0.15, 611.6878835678508, 56.8022749554533], [4, 9, 0.13654011993520287, 547.2579908270568, 64.23991798539309]]
[[0, 1, 1.0, 619.8222360301927, 63.80747310426066], [0, 3, 0.007377115401514506, 558.9775136549084, 53.03396309841277], [1, 4, 0.15, 513.6761519672572, 46.753401657349535], [2, 5, 0.15, 461.51596288620186, 40.49598033700484], [3, 6, 0.15, 411.73119068074885, 34.637502582519524], [4, 7, 0.15, 370.9636065000178, 30.921545904238933]]
[[0, 1, 1.0, 373.17546722010826, 33.17127326668198], [0, 3, 0.027075047515294826, 351.5847965537568, 30.528634994708106], [1, 4, 0.14476032600995897, 331.13671674440184, 28.641471977202666], [2, 6, 0.5315553459544209, 318.93710966264536, 39.321585060880466], [3, 9, 0.08844830511881616, 306.288908081559, 32.2375809390286], [4, 15, 0.15541562787816557, 303.59059215349015, 32.646828282215594]]
[[0, 1, 1.0, 367.5179705765973, 36.02968352192983], [0, 3, 0.012126274972866224, 346.36343496756837, 29.982135306331458], [1, 5, 0.825, 298.3242244841074, 25.76367813081897], [2, 7, 0.825, 296.40149938152956, 38.1387181438239], [3, 9, 0.1151809260744744, 295.2844118309238, 35.57912695028231], [4, 15, 0.0, 295.2844118309238, 35.57912695028231]]
[[0, 1, 1.0, 487.2944222970969, 56.74002971839314], [0, 3, 0.0048363519079302475, 459.71845999514073, 45.75068464716205], [1, 5, 0.825, 413.37980600964505, 34.36805581837656], [2, 7, 0.825, 411.658998467697, 41.69464541604068], [3, 13, 0.0, 411.658998467697, 41.69464541604068]]
[[0, 1, 1.0, 43212.26027461727, 6919.617214383879], [0, 3, 0.000411286540004006, 21264.042251924155, 3032.1285696947434], [1, 4, 0.15, 19629.262671812554, 2448.2652302350766], [2, 5, 0.15, 18235.080927043928, 2148.2867638132384], [3, 6, 0.15, 16632.625445252936, 1823.4992534888374], [4, 7, 0.15, 14747.88060909575, 1493.2840710437838]]
[[0, 1, 1.0, 23942.189346258005, 4772.087282686202], [0, 3, 0.00017188610780489446, 16921.16146191627, 2285.655483680786], [1, 4, 0.15, 16074.550482318087, 1999.7859993790214], [2, 5, 0.15, 14948.504858125178, 1734.31257507951], [3, 6, 0.15, 13701.163931392475, 1497.698872066006], [4, 7, 0.15, 12248.928785486645, 1210.8602579630347]]
[[0, 1, 1.0, 20949.237914761303, 3878.4330409843374], [0, 3, 6.80037920632588e-05, 17968.3284723626, 2536.5838574835575], [1, 4, 0.15, 17075.974431008686, 2215.884356890293], [2, 5, 0.15, 15998.54065767907, 1911.8007627783745], [3, 6, 0.15, 14772.314181869213, 1592.295492318999], [4, 7, 0.15, 13615.36614141965, 1309.866684802978]]
[[0, 1, 1.0, 14487.22571198284, 1936.7708670754446], [0, 3, 0.0001001183455169659, 13360.126362869765, 1467.9486111091674], [1, 4, 0.15, 12769.636600862323, 1282.611671338421], [2, 5, 0.15, 12009.9945995582, 1130.6744189407846], [3, 6, 0.15, 11140.244384432177, 944.7680825098324], [4, 7, 0.15, 10330.274235063262, 830.5645301483198]]
[[0, 1, 1.0, 31744.37268608291, 3469.5035615692], [0, 3, 3.718432134542987e-05, 30227.119774545536, 2683.7540753360927], [1, 4, 0.15, 29350.781444087745, 2396.7943398750845], [2, 5, 0.15, 27992.8621238032, 2097.443324025568], [3, 6, 0.15, 26251.865139111185, 1808.2596622929645], [4, 7, 0.15, 24192.375449383726, 1622.0743942274994]]
[[0, 1, 1.0, 25211.515710290387, 1851.2644170815424], [0, 3, 0.0001476165220653733, 24027.73763065093, 1912.0610347293325], [1, 5, 0.825, 21765.617303436313, 2178.5632922672044], [2, 6, 0.15, 20676.838917938887, 2031.7481813418376], [3, 7, 0.15, 19483.299563060686, 1965.643392135053], [4, 8, 0.15, 17939.308924702505, 1684.4838503837798]]
[[0, 1, 1.0, 20029.901279953174, 1937.2443998729616], [0, 3, 3.743565942349817e-05, 19551.108570027875, 1571.4947249631286], [1, 4, 0.15, 19203.90648621968, 1391.055183659459], [2, 5, 0.15, 18710.53539711613, 1230.0666610367655], [3, 6, 0.15, 18010.666273190753, 1103.3816841516905], [4, 7, 0.15, 17072.85249395539, 1087.290066781778]]
[[0, 1, 1.0, 17192.366016943448, 1302.616185764121], [0, 3, 0.00016255880733877584, 16571.688791228447, 1102.787563499808], [1, 5, 0.825, 15370.487693233928, 1357.494056025951], [2, 6, 0.15, 14801.737123074005, 1513.3528428737177], [3, 7, 0.15, 14207.304185893565, 1719.2522805036294], [4, 8, 0.1368163049532161, 13656.485326327971, 2129.6424550493894]]
[[0, 1, 1.0, 16043.02916618353, 2742.2731790513776], [0, 3, 2.577207096813314e-05, 15407.806718548745, 2342.6918744704003], [1, 4, 0.15, 14804.749505864625, 2043.0668455699788], [2, 5, 0.15, 14109.845939821349, 1718.0930113514235], [3, 6, 0.15, 13421.984578969299, 1432.1102543232673], [4, 7, 0.15, 12819.09278853345, 1213.8670025570611]]
[[0, 1, 1.0, 20925.33191344385, 2197.6845704368798], [0, 3, 6.864348106439249e-05, 20208.60977081474, 1809.0242612155291], [1, 4, 0.15, 19735.00759897943, 1618.1177877257862], [2, 5, 0.15, 19183.43178697831, 1541.4715329064802], [3, 6, 0.15, 18532.7922127361, 1440.7427693225247], [4, 7, 0.15, 18026.06308763069, 1613.8913698528795], [5, 10, 0.18556733780479884, 17680.971925372654, 1938.0857572685377], [6, 16, 0.01960750986289625, 17664.10993810466, 2004.4280069990737], [7, 22, 0.0068423832577381655, 17662.77876587855, 2049.324932146771], [8, 28, 0.011563952298069315, 17634.680156984, 2089.513739475617], [9, 34, 0.007046005940613722, 17623.458605435313, 2143.3797057557586], [10, 40, 0.010573571314664873, 17598.72441147298, 2213.774706346238], [11, 46, 0.0043980137180828615, 17586.76841575125, 2270.778253707587], [12, 52, 0.005627229793783339, 17572.970484528083, 2330.1710262360443], [13, 58, 0.005242468679160766, 17566.314864352204, 2389.006048178348], [14, 64, 0.0, 17566.314864352204, 2389.006048178348]]
