[[0, 1, 1.0, 2020324.1996336184, 71870.53283452726], [0, 2, 0.000391128386664902, 1579923.2790928409, 93651.15534088461], [1, 3, 0.15, 1222342.932568339, 75098.99321838611], [2, 4, 0.15, 966390.0433181406, 62855.01586664165], [3, 5, 0.15, 807196.2117987373, 53964.75891236005], [4, 6, 0.15, 666220.3423219913, 45830.598219785694]]
[[0, 1, 1.0, 766978.2624691194, 51376.804522888626], [0, 2, 0.0002905687314855007, 531121.763295765, 40150.58037862579], [1, 3, 0.15, 444290.6186738522, 32971.471055191716], [2, 4, 0.15, 388193.1852177817, 27978.901405869565], [3, 5, 0.15, 343789.41990314994, 23737.841320192234], [4, 6, 0.15, 308131.5333309236, 20086.976253081455]]
[[0, 1, 1.0, 380750.3425027332, 29057.793141266076], [0, 3, 0.00011303537022763435, 235209.14305844076, 10136.513011288474], [1, 5, 0.825, 209325.3410722547, 6257.979879974087], [2, 7, 0.825, 180482.78903228615, 4383.292592325548], [3, 9, 0.825, 148947.79120732666, 4085.5887585186188], [4, 10, 0.15, 138536.2818654645, 3739.1526679151066]]
[[0, 1, 1.0, 169718.84746633028, 7252.259052092297], [0, 3, 3.8705764344247606e-05, 163222.31066688284, 5984.651120143524], [1, 4, 0.15, 157363.07690808756, 5245.101792234532], [2, 5, 0.15, 149257.71303300158, 4561.18819887749], [3, 6, 0.15, 138787.35873981114, 3858.8595639001373], [4, 7, 0.15, 126891.9882159626, 3384.1068392856764]]
[[0, 1, 1.0, 318462.7098208078, 9992.314133497379], [0, 3, 2.425437899570334e-05, 310260.3005750946, 8573.60291410098], [1, 4, 0.15, 299913.1946231069, 7497.270400700685], [2, 5, 0.15, 285133.96200642525, 6533.770445568354], [3, 6, 0.15, 265005.0194435808, 5725.335901265814], [4, 7, 0.15, 237057.63508820903, 5303.474283398729]]
[[0, 1, 1.0, 245222.28722782485, 6212.058657964], [0, 3, 4.222934208270024e-05, 239061.97756556302, 5423.929259224487], [1, 4, 0.15, 230648.34431272864, 4931.250736214027], [2, 5, 0.15, 215628.47059778278, 4519.4953772249955], [3, 6, 0.15, 193911.19299252998, 4428.749625220458], [4, 7, 0.15, 169648.3873283788, 4793.555723651245]]
[[0, 1, 1.0, 176590.51366643672, 5111.534283031491], [0, 3, 9.017032515244369e-05, 170503.65086612082, 3968.131382469397], [1, 5, 0.825, 155524.14911976823, 4213.767014489157], [2, 7, 0.825, 124990.7106006739, 6677.877128154047], [3, 8, 0.15, 111453.07266485173, 6752.945665709185], [4, 9, 0.15, 98584.29091093126, 7215.443917693774]]
[[0, 1, 1.0, 104500.12467820842, 7228.465363148033], [0, 3, 1.943368853463785e-05, 101510.8162344821, 6100.332316530362], [1, 4, 0.15, 98831.7617157336, 5321.520820521626], [2, 5, 0.15, 95618.82182032525, 4584.9045753403425], [3, 6, 0.15, 91879.83567261077, 3929.552750131853], [4, 7, 0.15, 87559.53888002284, 3383.3789137867057]]
[[0, 1, 1.0, 89890.75957848357, 3962.385896403435], [0, 3, 9.955970622269484e-05, 86706.33468826549, 3041.889276836233], [1, 5, 0.825, 81752.54836393346, 3066.516354940776], [2, 6, 0.15, 79711.67537240767, 3043.7117834984083], [3, 7, 0.15, 76342.75110943001, 3454.1539525336657], [4, 8, 0.15, 71325.82301795304, 3955.6342539601173]]
[[0, 1, 1.0, 116031.28763272533, 5861.290762065492], [0, 3, 1.978191834222428e-05, 113996.26546974505, 4888.807888829684], [1, 4, 0.15, 112288.20006987445, 4285.148171737677], [2, 5, 0.15, 110037.61414929942, 3724.376140114841], [3, 6, 0.15, 107011.68736081451, 3259.516916499007], [4, 7, 0.15, 102938.70907171106, 3018.8869610913453], [5, 8, 0.15, 97850.39254886113, 3220.276546142838], [6, 9, 0.15, 91701.2264873348, 3980.6065573019523], [7, 10, 0.15, 85484.51332883035, 5180.354745232676], [8, 11, 0.15, 78937.14340553078, 7499.686131729881], [9, 12, 0.1110105393640452, 76612.44122138333, 10413.266221399908], [10, 18, 0.016280878145649335, 76570.86456972148, 10696.8972414221], [11, 24, 0.02628859650893131, 76331.35304256903, 11309.435906246192], [12, 30, 0.008257594494968743, 76320.76651978174, 11623.560432408402], [13, 36, 0.0010860899141106057, 76315.15929282423, 11692.24913533015], [14, 42, 0.002996982604358424, 76270.63593164273, 11867.777874510366], [15, 48, 0.0036783857385753165, 76187.07368400895, 12079.1730655731], [16, 54, 0.00446135514237284, 76112.25238396449, 12278.979452430674], [17, 60, 0.001973514017364327, 76081.46141085362, 12381.48624134283], [18, 66, 0.001311462505617556, 76067.27291117467, 12488.317387500647], [19, 72, 0.0005787224134591977, 76065.64195737653, 12534.84478670235], [20, 78, 0.00014830931525832233, 76065.09126561524, 12553.300348241346], [21, 84, 7.4270389369155e-05, 76062.70028624567, 12580.632751708661], [22, 90, 6.992667139715727e-08, 76062.66632219881, 12588.412868101947], [23, 96, 0.0, 76062.66632219881, 12588.412868101947]]
